1.0 0.8735074233467882 0.837400045419822 0.8547593383536113 0.9237025518333646 0.8591766234988928 0.9123919720426525 0.8478299456154514 0.8548999993340988 0.8378657987710305 0.8411453677847487 0.9081849802181524 0.854413394342081 0.8396025315871793 0.8415484357718854 0.9202367002685481 0.8543171775215331 0.8504513633095929 0.8364047378484728 0.8381208459019882 0.8548582519987709 0.8512402653648649 0.8970639903750965 0.8628006956517893 0.8516957545710686 0.8388584298139247 0.8420810019133058 0.8717959754167925 0.8675911106277572 0.838033958288865 0.9144363149185238 0.8569135515159786 0.8574678849294728 0.8579484909259131 0.8446214239676791 0.896734514838039 0.8531249659682891 0.8576282300864925 0.8540299472304052 0.8413370344782592 0.8629166712433773 0.8430693224322201 0.8825862722072236 0.8385132192780628 0.9501173968580056 0.9156157305314035 0.85789011892776 0.8802418546171001 0.8710632400026582 0.8522391375596762 0.8563788877563085 0.8369625816046071 0.874557778614657 0.8557429316274159 0.9125612756797841 0.8531093533709024 0.852092681663378 0.845924133313193 0.871537994649275 0.8536416456858015 0.8509510678690861 0.8806699020960967 0.833532682057473 0.8604568494741816 0.8761816175395175 0.8512548476949138 0.8571584917532035 0.8734314064184929 0.859849365915994 0.878111532516198 0.8985863953212233 0.8770999035699264 0.8758930520106285 0.9065168432112046 0.852489189644509 0.853072015736479 0.8428952478568426 0.8399497547695473 0.8824480027670347 0.875518981262039 0.8702669978348504 0.8328048664802982 0.8568244298961831 0.8512215814421971 0.8356922846490065 0.8554481821315691 0.8560801603387195 0.8599238023400061 0.8386705789143976 0.8585161771404147 0.8744734875547332 0.877710659598983 0.8557553647155253 0.877575549731827 0.8481736825715355 0.8767419440529031 0.8998214679407927 0.8570562539237906 0.8378149471807315 0.8744201580472073 0.850354827639542 0.8553746894596289 0.843816102963565 0.8345200610152004 0.8444026232622208 0.9146170602912501 0.8430475530393579 0.8572136416351561 0.8569326000255444 0.8528147298304732 0.8407230243618075 0.8827932199502151 0.9121005927190194 0.8451743261254373 0.8734190268823122 0.87579822724091 0.8829236342391216 0.8723397303237208 0.8558057698265166 0.8716700901624992 0.8566402671548867 0.8687214934408546 0.8848714989965665 0.8547343742036052 0.8726988899004653 0.8654190382540212 0.8367159885915594 0.873555225610015 0.8541823268840827 0.8567911416202099 0.8629078288510221 0.840836683336303 0.8379909890819277 0.8716876792028478 0.8514756905783044 0.9051036152560235 0.8452276383374787 
0.8735074233467882 1.0 0.892472449089832 0.9163319263833181 0.8894154151462643 0.9018699678130225 0.9192826169961853 0.8989264507954143 0.9157563502809531 0.8893373723229892 0.8949587019644805 0.920548088919865 0.9118410838301538 0.8927825974074939 0.8930497826672164 0.8901373125807656 0.9114408883030103 0.9077944354347758 0.8876726505368464 0.8902061163558852 0.9168509755286325 0.9066683987914257 0.8678251328504026 0.9463011921059806 0.910320467791287 0.8922930438520378 0.8961076354974329 0.9729722757896019 0.949713117122694 0.8901097729278719 0.8672353643154832 0.959705620526751 0.9136566846315268 0.9133927605528838 0.8978595805534009 0.9193903556507477 0.9073897423242829 0.9035703793375875 0.900557367028522 0.8926974446396347 0.9047637809508003 0.8967092692227474 0.9266370749820031 0.8899256776391344 0.8728104846888147 0.8767014029858728 0.9068709716019744 0.9121533963697712 0.9738497676987555 0.8967749019451459 0.910016703484496 0.8902597853153085 0.9702780054441751 0.9125025307916391 0.9191373655823222 0.9147357569495705 0.9066234430309602 0.9016365778051637 0.9103501714010276 0.9102383729745135 0.9048581155056286 0.9252392359652477 0.8847778601433267 0.9112018918968361 0.9606560838765003 0.8983465472653874 0.9198220711305701 0.9746368822562651 0.8327282358238304 0.9397096359441608 0.916015376132076 0.9202776219317402 0.9618352996183339 0.8999808871724774 0.9155713760896887 0.9106094499838705 0.8939988040138731 0.8942039913539912 0.9268070487746924 0.9654699148824338 0.9068161286234234 0.8824950726234603 0.8819924901014796 0.9034839208831422 0.8877735628964316 0.9083179615328317 0.9088897679779404 0.9148182223993797 0.8929990936057146 0.9121069743778794 0.9162340294363456 0.912453698240887 0.9137360062101304 0.911464464500924 0.8961578974200896 0.9628796104768144 0.8589583286886081 0.9099783824367986 0.8906737048089329 0.9714959103051085 0.9033621845208248 0.9024950726014267 0.8959143672157859 0.8849131568782188 0.8935455277154198 0.9200434615825874 0.8940858057394702 0.9161723397110992 0.9088732688814022 0.9150742861638852 0.8959061656410574 0.9256424919977252 0.9146302307511475 0.901869284549221 0.9686650552444218 0.9092137996835673 0.9232452612384615 0.9743165545191863 0.9111571264890047 0.9179680791813482 0.9139223379159281 0.8476229343491813 0.928600044706317 0.9131356310119744 0.9198844486172826 0.948993728280307 0.8936747319598273 0.9610985890746551 0.9079719662736894 0.9650734202335881 0.9605428244295277 0.8930639154858186 0.8910059799473316 0.9743019104837319 0.9064716032876445 0.9011621146157144 0.8918278092668682 
0.837400045419822 0.892472449089832 1.0 0.9215307824298077 0.8429003465123982 0.8820937442315485 0.8827913285851399 0.917011257192324 0.914259004769744 0.9416905384773506 0.9422473315103558 0.8772871189801799 0.9135957602368119 0.9411071706168145 0.8927985717806053 0.8463947283805577 0.916444120214486 0.9184015272203276 0.9341339745572391 0.936451724517904 0.9178907533902961 0.9148493476515764 0.8493157833416587 0.8881870361726424 0.9212577786595076 0.9558432840710932 0.9373688584736894 0.8920169818277999 0.8759531607242325 0.9269223765310785 0.8392279006561346 0.8734145331316493 0.9107049240331311 0.9082278287128486 0.934443894079457 0.8757400840751879 0.9166546807987214 0.8994836924802092 0.9078828965047403 0.9231914690640983 0.8771302613528462 0.9741092648946827 0.8980907413342003 0.9374716695108575 0.8366558916398709 0.8473861899590636 0.9032762808557011 0.883549145942378 0.8891776958066616 0.9053700248386249 0.911600842320336 0.9417117431479981 0.892342753627043 0.9141139521975713 0.8824592506978667 0.9190575903618025 0.9106639521656225 0.931374669832783 0.8863448241627994 0.917843917587001 0.9135552710838468 0.8984612462030411 0.9377026962991236 0.907769145564047 0.8867203053978376 0.910460417105941 0.9167189645332423 0.8919384171112009 0.8553265311044469 0.883733058308705 0.8751583086484697 0.89532203565939 0.8870447777696776 0.8486868463223948 0.9196786199198577 0.9213288313144199 0.8922009534273192 0.9392544756819182 0.8972463341693395 0.8906441708755778 0.8731842400392257 0.9317911034472935 0.8458551925793264 0.9165455128584649 0.9430113394417176 0.904711014689798 0.9099343561696236 0.9051497396222493 0.9536735060059398 0.9103544415294673 0.8938096829950233 0.8816096423573425 0.915039119847965 0.8850082247732065 0.9164277640502417 0.8912048185791503 0.8400380105475688 0.9054886651932615 0.957608978020802 0.894308836711459 0.9137998625903812 0.9036921247373085 0.9368903493195812 0.9327052845781046 0.8922240129324178 0.8759241311869463 0.9147961913732463 0.9147170572372363 0.9001474183379983 0.9203487231616604 0.9739005701742415 0.892659660351211 0.8735385094322148 0.9336348014355953 0.8906679623756316 0.8701157759866832 0.8957769836058866 0.8904359946306925 0.9160669778216702 0.8931823802390306 0.9139396551898685 0.8613049075064977 0.895299989875034 0.916132800718447 0.8890579533704115 0.87293815290665 0.9027922598330573 0.887246974107688 0.9139080021643007 0.8745385321189667 0.8772640870888674 0.9254009615927975 0.9456918051973091 0.8906300201217402 0.9176405166071042 0.8412628171752817 0.8908806262389857 
0.8547593383536113 0.9163319263833181 0.9215307824298077 1.0 0.8634809574499167 0.9230957101675984 0.9045599965498506 0.9373452997958486 0.9646103266795231 0.9262557174651026 0.934181023537151 0.9004947807934776 0.9596984665987638 0.9331588439050486 0.9341952433758134 0.8717447122013144 0.9612396317330643 0.9549527835455267 0.9277545861226375 0.9327815509409829 0.9755069733618963 0.9515738937768167 0.8897301421275942 0.9198970075149896 0.9602834449394851 0.9292229430275725 0.9381890102615682 0.9130126222812991 0.8975385303043681 0.933364561558147 0.8695187265527019 0.8965562458166426 0.9578259276306359 0.9576029710667895 0.9424898934046496 0.9003555163717715 0.9557845038304014 0.9406214139203202 0.9366871816577967 0.9338223091094484 0.9193728147159236 0.927065107641646 0.9353581283379554 0.9282438761402897 0.8575379566528106 0.8778122092589874 0.9442495342927627 0.9222592860412819 0.9157363670567408 0.9346961030152934 0.9574980565879323 0.9288117859053173 0.9167958371851649 0.960027544865897 0.9044353342992131 0.9737279866434408 0.9514480975867642 0.9469074418645261 0.9264955200773393 0.9587741658503616 0.945768897226126 0.9363257474269125 0.9228211483279641 0.9550011060924986 0.9088881571932064 0.9352508074258372 0.9744045036709548 0.9139826926048664 0.8732668903299009 0.9134918297181159 0.899554086595531 0.9363655304665333 0.9101257512159016 0.8755509479228494 0.976702436430432 0.9563778461109301 0.9296078722303472 0.9362506865357895 0.9372324055445522 0.9126356495171518 0.9141479531310805 0.9214739084049373 0.8694959625988694 0.9445604397059281 0.9226469749246516 0.9496680051955306 0.9521848328235443 0.953350850595376 0.9286762972320034 0.9538822058380176 0.9332801231657245 0.922531379741581 0.9639378462146851 0.924158783559337 0.9348633666011896 0.9126533881557003 0.8777282121510623 0.9495092848488762 0.9270183414346743 0.920235730502931 0.943980463935537 0.9412735710628632 0.9375318594712239 0.9239791072419609 0.9265388541793095 0.8984464777806982 0.9326253920667745 0.9627943055967559 0.9490337834156339 0.9767546428024071 0.9274868204564175 0.932230236134459 0.8963936487135381 0.9472939838337191 0.9153176974690853 0.9077448825474322 0.9348445028158919 0.9175734228618382 0.958750370396065 0.9375700654500962 0.9620175948276647 0.8933886505651767 0.9341569687253746 0.9633565662812854 0.9275822771866762 0.8969296789172606 0.9342873822552014 0.9085138974517639 0.955435601527629 0.9016284888659906 0.9051875054068861 0.9337661837039188 0.9269015720804937 0.9128332600452322 0.9521307319566522 0.8667019878207206 0.9299386835934967 
0.9237025518333646 0.8894154151462643 0.8429003465123982 0.8634809574499167 1.0 0.8649843748400697 0.893037473639138 0.8550569425181752 0.8670311567271776 0.843576714582678 0.8458665688572712 0.8922382264953627 0.864524680640411 0.8474939020742281 0.8507234734969745 0.9469918522440107 0.8647879707784732 0.859270778831972 0.8426948223329875 0.8454895906517107 0.86639459261994 0.8632737729112135 0.9063493370036056 0.8827556033723806 0.8613503150294999 0.8429892447550182 0.8488668768643075 0.8895000231853655 0.8863731155138255 0.8452520077072431 0.9200638295239468 0.8729606830964853 0.8684328407098687 0.8682331370158441 0.8495542897431181 0.8945551917737646 0.8624717870044578 0.8647104980630983 0.8584108566718972 0.8484344439537853 0.8670275468473924 0.8487620630081602 0.891557232729269 0.8434151731751293 0.9263395923035445 0.9292825316391385 0.8667546120137334 0.8820084155653996 0.8892558950830187 0.8594550712717096 0.8650357805293468 0.8448877538633758 0.8909351194583629 0.8668219359758321 0.8914540144871635 0.8624660763690193 0.8617682658312203 0.8540229378093007 0.8762002016939988 0.863978045195167 0.8612741939247262 0.8881464120530257 0.8388771517877716 0.8684423832765499 0.8961272021111023 0.856767102695827 0.8674091463625521 0.8903872241135313 0.8664798631894874 0.9040184626094461 0.8874028185184669 0.8822142861728947 0.8953681369886821 0.9288187970243424 0.8632851559666177 0.8610245034806582 0.8523520571341672 0.846873975459902 0.8915752552278602 0.8926739642538363 0.8722981855734911 0.8377390630776638 0.8446071260181008 0.8582405054566951 0.8407278384710659 0.8641598795830477 0.8681533233544637 0.8693356129017227 0.8457143284876834 0.8685356635181273 0.8808491327881849 0.8815025506918817 0.8648505644228781 0.8810146383193262 0.8536212499509169 0.8940802709202286 0.904220655318067 0.8664145952723196 0.8432202636070887 0.8937573323661766 0.8588926968814492 0.8628937990670211 0.8489630922692601 0.8416040024907637 0.85269706859942 0.8928354439171347 0.8516119788161977 0.8669716512210933 0.8662742447313477 0.8626111172500746 0.8465827218412335 0.8909469345056565 0.8862112499536949 0.8519159844440943 0.8907755122789246 0.8771884260914163 0.8884134060221615 0.8885285806816995 0.8660056812782523 0.8805626061068937 0.8670313670298174 0.877500291374731 0.8956587270473678 0.8638150053262688 0.8829669207025322 0.8854421906668979 0.8462752421094714 0.891460374825237 0.8639407876181783 0.8723906640360476 0.8799798162986521 0.849328959400007 0.8449892495982055 0.8864778071176556 0.8615886107123018 0.9284406574416917 0.8525300442321164 
0.8591766234988928 0.9018699678130225 0.8820937442315485 0.9230957101675984 0.8649843748400697 1.0 0.9176482496778058 0.9259485821153403 0.9322744608694981 0.8958645229873196 0.9011858230497961 0.9168343864895514 0.9335703105493431 0.9013724861632784 0.9366268192392422 0.8711179585941173 0.9310336395387705 0.9275601637600973 0.900848866787894 0.9020988757426451 0.9287980284078828 0.9338340380954699 0.891493308179191 0.9089865785493622 0.9270469256855185 0.8931938069124993 0.9072370375758771 0.9002419012559103 0.8977026260252443 0.909396927710237 0.88881334523852 0.890918451607201 0.9392810748270715 0.9413895022190542 0.9111563308415693 0.9228210423967884 0.931138240878079 0.9471505349128808 0.9383647629684391 0.911736748267472 0.9639070366671156 0.8861329453300468 0.9478490033277434 0.8984329894363433 0.8674313557974498 0.8834916404838121 0.9470079252660779 0.9571008030477721 0.9014726842708223 0.9380847046009493 0.9356834526792539 0.8968195241302303 0.9023255414337032 0.9366076179525115 0.9159147453696328 0.9261759692254884 0.936284443187826 0.9162584917820826 0.9654343459156796 0.9300475096373891 0.9333990389424901 0.9509619946617652 0.8927491520427207 0.942395879787439 0.9015933747112849 0.9337024173656303 0.9240885322436613 0.9022174424938987 0.8678477165674555 0.9176201849069956 0.9181341061651906 0.9566805348472776 0.9033903845336109 0.8619073152254179 0.9257128967049608 0.927350241729344 0.9394328807654835 0.9056566881357654 0.9455553311080129 0.9011964393259273 0.9555489061459912 0.8951812597364902 0.8660852822593855 0.9307203325096727 0.8935769366100411 0.9426355301728049 0.9372973635146576 0.9456163308201659 0.8957651205647117 0.9408050202584826 0.9581764167956033 0.9607118718008599 0.9311847040819227 0.9611476587301349 0.9271198430619976 0.9026566412003126 0.9061707607154469 0.94171300797811 0.8906498902389103 0.9049766255006445 0.9332096170119367 0.9422083948205521 0.9071426781859249 0.8969500696135044 0.9466482036549141 0.9103875170175725 0.9207228280345175 0.9325703013287611 0.9435690457093502 0.9222374350451067 0.8860016190715905 0.949142112597497 0.9095528206783966 0.9146254157944047 0.9026428756228355 0.9431191798634979 0.9526784204609604 0.9014409792953476 0.9313768009600637 0.9562810837393227 0.9351667711559939 0.8797867765421875 0.9461145371191226 0.9273974899597446 0.9441054671556905 0.8959826802210906 0.9288164496790196 0.8985898037508788 0.9333534663911797 0.8908281680036603 0.8974970656228166 0.9093572268113449 0.8967443779884849 0.8999295537167687 0.9309506536286042 0.8577693639339881 0.9427364947750833 
0.9123919720426525 0.9192826169961853 0.8827913285851399 0.9045599965498506 0.893037473639138 0.9176482496778058 1.0 0.8996912280468968 0.906661933696756 0.8856930102791815 0.8907627028859896 0.9613450339353119 0.9066324691520714 0.8891641671930021 0.8960967835957647 0.8904408057945425 0.9059970483890258 0.9024640957965683 0.8850287400210235 0.8876303637237026 0.9061147624339152 0.9044469598131255 0.866510121301472 0.9117234095521024 0.90433196775423 0.8874979548136808 0.8919745905072546 0.9186706026143631 0.9170422526206189 0.8886621911493211 0.8855944266973362 0.907214688220232 0.9099885596035807 0.9110179230194764 0.8936442330393931 0.9536651681904776 0.9035583001614585 0.9094510117945176 0.9073762486810955 0.8914544867089069 0.9208146829381468 0.8896683363960494 0.9356557973372157 0.8847933482283762 0.917444419146895 0.8855150429615819 0.911358042678671 0.9357661315132118 0.9184705237062012 0.905774524816164 0.9088069941879307 0.88577027708037 0.9215240277442522 0.9078360168417734 0.9779017048573165 0.9049389212489366 0.9054700051119109 0.8968560168378634 0.9276182258483678 0.9053601222688468 0.9023973865901769 0.9319550522204861 0.8827977692298754 0.9105221383319092 0.924752979686267 0.9031965545143019 0.9066951191403958 0.9206518249304098 0.8392629973235571 0.9309050694069039 0.9598527978447785 0.9290778243079317 0.9230721586530265 0.8759560856808264 0.9032444521333396 0.9053152412336518 0.8972836490698977 0.8917227344801809 0.9350641339382184 0.9236879340053448 0.9290330163191615 0.8808353844854956 0.9106541094411107 0.903985295467179 0.8833587384063648 0.9095971128272071 0.9081894842312399 0.9137179320077403 0.8876615748329832 0.9096955260357561 0.928752580673459 0.934349205685251 0.9068822955594553 0.9339178352103832 0.8997174661008627 0.9231214050272808 0.8716920536267067 0.9108418902841365 0.8867182901225119 0.9223843399123715 0.9041994714497873 0.9072928871641057 0.8942817193573885 0.8833199782762999 0.9026485465772135 0.9586850930411129 0.8954088897659603 0.9093494965199567 0.910417933848084 0.9030199800323941 0.8882144162964374 0.9351675232218322 0.9628468667047074 0.895820698939685 0.9207927746278541 0.9347019071841984 0.9353246297111784 0.9193515844467068 0.9075513363738328 0.9258747380227683 0.907527424194401 0.8452456470776198 0.9365200166518969 0.9054338632808407 0.9281500072675974 0.9141475240690334 0.8918814106809798 0.9203633974591063 0.9043728634625702 0.9048036239549408 0.9127034169969375 0.8908897486150434 0.8866970350761648 0.9174760488686292 0.9047319012731472 0.874521712711046 0.8997716439004565 
0.8478299456154514 0.8989264507954143 0.917011257192324 0.9373452997958486 0.8550569425181752 0.9259485821153403 0.8996912280468968 1.0 0.9454554157890949 0.9410986514436734 0.9423236033145957 0.8964391689774077 0.949712880537226 0.9447506076524865 0.9442562656508711 0.859733581603825 0.9511816249147977 0.9555788844678196 0.9471862348934323 0.9470286638584569 0.9403241852399584 0.9592072120781479 0.8773944838732853 0.8991448025795199 0.9528118464621445 0.9355874592788784 0.9487001947176508 0.8961260597112733 0.8859364942361597 0.9543752904835932 0.8641022003911134 0.8813780242127787 0.949709599120325 0.948047964157025 0.9499571064128763 0.8977289953478906 0.9549288387329675 0.9495687955506833 0.9601088422849066 0.9589265639185263 0.9194269835729245 0.9212184017625391 0.9269671675535284 0.9415178867472667 0.8508264727595631 0.869438646292311 0.9518537124989869 0.92073471571824 0.8969760549009822 0.9577600306363905 0.9514741377551617 0.9408812141698472 0.8979879047295584 0.9498118933374948 0.8988241898688865 0.9408345999879768 0.9544968247655574 0.9561836005106537 0.9281294836966707 0.9539622566733204 0.9658942174165782 0.9277632565124319 0.9394153609412995 0.9499482274503449 0.8962522079613114 0.9661623208485858 0.9356388430565529 0.8983811658807583 0.904963525858213 0.900055573017189 0.8945526512848685 0.9308333557517505 0.8956266445355746 0.8569613737078957 0.9391999070743913 0.9538968495355179 0.9412998909711205 0.9475490965418553 0.9272491272043535 0.8986392332001145 0.9128987339255923 0.9433053027127912 0.8537638446677437 0.9657208363150264 0.936889760754743 0.9512187154580906 0.9541690965212543 0.947343386183485 0.9385604585190424 0.9507710183392083 0.9307906067987148 0.921963208764349 0.9493547427670856 0.9242531119924018 0.9727737273758976 0.8984188867070954 0.8722494733141447 0.9495804851808772 0.933743845065747 0.9025563421156241 0.9661161758682855 0.9532551858162588 0.9485980495980981 0.9418237481982339 0.9425299370929994 0.8916056185493995 0.9721456809418626 0.9488091052646696 0.9467654130316832 0.9394997154968515 0.9238972503405092 0.9253093982978864 0.8898140877897566 0.9520323794417193 0.8989074329902457 0.9056073794162359 0.9276302042601188 0.897614039413479 0.9517230889647772 0.9319031584417375 0.9480021968798809 0.9054688863601679 0.9263808297645162 0.9480296363825595 0.9202860542649174 0.8828378648212252 0.9580796495500608 0.8941511358621959 0.9557762544458164 0.8823717107480822 0.8867127804581771 0.9567275354577262 0.940674360087418 0.8956827485734358 0.9598628972846823 0.8494727119231671 0.9423762285882351 
0.8548999993340988 0.9157563502809531 0.914259004769744 0.9646103266795231 0.8670311567271776 0.9322744608694981 0.906661933696756 0.9454554157890949 1.0 0.9262164660821245 0.9325531956524572 0.9041915970966095 0.972274252594058 0.9332517004455325 0.9466910225566036 0.8735633959166593 0.971527968651187 0.962931912504489 0.9297432412984697 0.9331519509448438 0.9694354596157977 0.9619391368805106 0.8947940658603352 0.9189075321153262 0.9682903549932791 0.9244677895685206 0.9388518668526067 0.9118183076414654 0.9008191256014312 0.9370198156195618 0.8759305930962998 0.8977770128641503 0.9708430567197762 0.969234412410635 0.9443730050663405 0.9046225496558518 0.9670247920408505 0.9522499260010752 0.9467466931101021 0.9396193513117834 0.9275536892635994 0.9201936632451215 0.9388101964231433 0.9286615834968143 0.8590045230907088 0.8807096561647068 0.9551852453900321 0.9291833517120327 0.9157118421567797 0.9451228000327021 0.9701449138067376 0.9290910878699384 0.9144152689102977 0.9732533690745 0.9057971377788843 0.9681299216793567 0.9642575190981088 0.9500194889279476 0.9352838661172773 0.9686268996791241 0.9558579765076924 0.9410008631171729 0.9225996223531551 0.9665263095115405 0.9104113257684741 0.9460262376162978 0.9669709520847731 0.9152598421466747 0.8791575730017116 0.9164398696011908 0.9026463792915205 0.9436523409258883 0.9129037357316683 0.8741293689629297 0.9661228669277782 0.9647428248258533 0.941253066784188 0.9367453966483618 0.941409720285049 0.9127213561246512 0.9213193912969839 0.9218942310795027 0.8661265021645701 0.9530100110410294 0.9217614942469856 0.9614114198075255 0.964424105842914 0.9657073602532572 0.9276602530239227 0.9648527907736646 0.9425241668236151 0.9301577277558573 0.97443394508978 0.9307506868846185 0.9434859982707374 0.9127448286740216 0.8850782003806399 0.9611928764254538 0.9230348830562266 0.9207674664654801 0.9533098553326996 0.9528148982268408 0.939544448111689 0.9253506412509404 0.9374367191324557 0.89995826059936 0.9416795722626682 0.97484974905674 0.9602406667959824 0.9650867677526431 0.921360335381475 0.9375926574657203 0.8969820908879571 0.9478098525002201 0.914078157183084 0.9148040779526893 0.9403575059680033 0.9163763182952693 0.9704618131211796 0.9461053394418382 0.97641110032024 0.9019103023095971 0.9403725647066672 0.9716571551995361 0.9325835586978315 0.9002586208339765 0.9442763474611056 0.9098399501921828 0.967141933585056 0.9020706577900622 0.9054361828739689 0.9369420322715102 0.9264647218126256 0.9134422081430245 0.9615865911035621 0.8666406539065059 0.9412385902414168 
0.8378657987710305 0.8893373723229892 0.9416905384773506 0.9262557174651026 0.843576714582678 0.8958645229873196 0.8856930102791815 0.9410986514436734 0.9262164660821245 1.0 0.9655005160972744 0.8823522040113443 0.9267812900676323 0.9728028291398214 0.9098338515380154 0.8465975964765401 0.93071407798559 0.9389376854255339 0.9691673394681277 0.9700383896040846 0.9262078077938112 0.9336749137632997 0.8563380416746954 0.8852514111453357 0.9371054375854955 0.9655740290274851 0.9628319252389713 0.887444115591843 0.8728455351579688 0.9594750166676731 0.8468599095222421 0.8703737089551777 0.924556297307677 0.9199195028445691 0.9531387296212365 0.8795109845355616 0.9349399390677607 0.9177003672918759 0.9277004470244046 0.9518610670851686 0.8893644568542838 0.9454957657984292 0.9060833844147179 0.9740303074222126 0.8405309661722183 0.8516064728475228 0.9197778158471418 0.8963285939018772 0.8863276699481628 0.9250580540334238 0.9265376403924188 0.9743962446554127 0.8884082862284378 0.926735334699309 0.8865297542614161 0.9255725181324789 0.9279445233457284 0.9525861000812708 0.8997905495466596 0.9366097430209144 0.9339500992289821 0.9060545353505992 0.973855928324816 0.9209448188186681 0.8852192604023869 0.9330709846575534 0.9215520877663207 0.8902007662526598 0.8797775447667471 0.8830625862258791 0.8790016484406177 0.9055756985005635 0.8846643964322919 0.8467445868153785 0.9254510796926689 0.9380093838519007 0.909653579707879 0.9622602193551321 0.9055552872428975 0.8893719749850405 0.8866250859616198 0.9680712799951486 0.8460396257888649 0.9369338632505846 0.9743869360551052 0.9215408140329963 0.9254050779808072 0.9194243514978702 0.9695201776960939 0.9217295220000364 0.9043333684972993 0.8951204023415282 0.9276944985266509 0.8984497874332321 0.9407519350027376 0.8872795706439073 0.8491609397648715 0.9186986780611479 0.9639922208215266 0.8924292963184314 0.9335112160418205 0.9209595513569009 0.9585967562586691 0.9707490178826912 0.911713567236922 0.878368450885817 0.941253846048517 0.927172019928846 0.9151859578809652 0.9266325630183484 0.9493746242901319 0.9034608363880994 0.8761798469670742 0.9538876712261842 0.8898708865164302 0.8817974242365338 0.904414158976771 0.8875915365421283 0.9324212958111476 0.9060999207208457 0.9262782898638718 0.8792351333086208 0.9054788612966752 0.9288001573686813 0.8963985864805303 0.8698367418652259 0.9228238466079467 0.8825952463229843 0.9309605483709266 0.8700229948683942 0.8742407260349425 0.9550139150382945 0.9762855253764962 0.8861034015441901 0.9393087852479768 0.8397078556862683 0.910220703430094 
0.8411453677847487 0.8949587019644805 0.9422473315103558 0.934181023537151 0.8458665688572712 0.9011858230497961 0.8907627028859896 0.9423236033145957 0.9325531956524572 0.9655005160972744 1.0 0.886470960995466 0.9330612870729041 0.9714258784598988 0.9120082033864915 0.8517796949860801 0.9371565154180218 0.9427429621891632 0.9661033438370825 0.9676048728765733 0.9342421590401803 0.936633775241167 0.8609893727284151 0.8914403162023142 0.9422880002805 0.9630895136415986 0.9742409325464323 0.8938775657458967 0.8779366091595101 0.9602876095618663 0.8505677958564288 0.8762587705292676 0.9310431140669047 0.9260104528086894 0.9641539978884431 0.8836207446701366 0.9381734231498512 0.921650907044162 0.9286910074657422 0.9555164400982409 0.8940190736939377 0.9460681974403403 0.9122517289627848 0.9670901403015649 0.8429540393265634 0.8549800125041842 0.9239251778833371 0.9021618470116534 0.8928648294265908 0.9253686477583375 0.9328930877245841 0.9690785456856549 0.8952939640305446 0.9322553140275265 0.8916510002928368 0.9336855463307409 0.9316265368157293 0.9612319452067156 0.906034807867495 0.9396077920024194 0.9360342821425431 0.9130797592020843 0.9620097870446247 0.9274757961263437 0.8898954283936108 0.932801798213127 0.9295479070265644 0.8948498937383045 0.8791362607083308 0.8886192847593202 0.8827783986214648 0.9127737902360592 0.8898877561049765 0.8519123468486997 0.9332531768378188 0.9435036166995762 0.9115713534026227 0.9731649368661198 0.912081043204264 0.8936882247676449 0.892385109299304 0.9597184704086937 0.8540223335023258 0.9399002263768925 0.9623529738321177 0.9252620189888123 0.9292860063467385 0.9253780541833386 0.9652370955791678 0.927300383931852 0.9113465706594409 0.9012250867887446 0.9352103806877513 0.9044462509389468 0.9409800312168348 0.8923082750320461 0.8556031387054496 0.923883119074693 0.960331434476073 0.8988388107994792 0.9359746431091738 0.925297219028714 0.9703719412914237 0.9614732010896447 0.9123183084858209 0.8824768758160507 0.9426249847072117 0.9337019856172278 0.9216198848649115 0.9348326638844421 0.9494914332014871 0.908645034662854 0.8801767216561375 0.962285421304363 0.8943438226848632 0.8849877591504317 0.9111847166299958 0.8953503998874784 0.9355246570444103 0.913146686067305 0.9331619119700797 0.8808359316507504 0.9101373470801889 0.935835729153151 0.9021221433861984 0.8758180664931924 0.9241644141835399 0.8878563266446428 0.9347531359381432 0.8766755982965055 0.8798083300396067 0.9571188186961109 0.9659778943816082 0.8911585156881344 0.9420393133550414 0.8445006440181059 0.9116763941934739 
0.9081849802181524 0.920548088919865 0.8772871189801799 0.9004947807934776 0.8922382264953627 0.9168343864895514 0.9613450339353119 0.8964391689774077 0.9041915970966095 0.8823522040113443 0.886470960995466 1.0 0.9032149883923164 0.8848569948849738 0.8977394056741149 0.8900110113638282 0.9020478116212975 0.8984586528197797 0.8815125441026382 0.8835802716230483 0.9030056911925057 0.9008558031961482 0.863076681459031 0.9167427366716545 0.8993756779747675 0.8823701845778306 0.8887660885149442 0.9214485628342688 0.9202114042860361 0.8846827033985908 0.8820980961317032 0.9119114066033291 0.9077444147884618 0.9087840652084814 0.8895795664757001 0.9629627973595216 0.9000006162248866 0.9052716529250256 0.9017752897406921 0.8867773439222238 0.9188667221254725 0.8833796367522507 0.9330943288595207 0.8813536847058882 0.9133994741259753 0.8828765492619205 0.9080649799399415 0.9327627749220517 0.920451667905579 0.9012950092278316 0.9059550492482864 0.8807213226411734 0.9228052629933028 0.9050766246762741 0.9601992959639208 0.9017171139795092 0.9026179604254387 0.8930238854517744 0.9238705397148891 0.9016555346734826 0.8993315629998774 0.9303922706445359 0.8785680678673973 0.9092690499524249 0.9261326256360011 0.8982607700391421 0.9023178411631312 0.9233712230403057 0.830850533759943 0.9348458125755194 0.9610817484138708 0.9264740599404766 0.9248983870507261 0.8733883009733765 0.9006746311234963 0.9021156657388133 0.8980081645979577 0.8871513888348085 0.9326379544582006 0.9257357880972445 0.9296287932989155 0.8773063210590085 0.89888930690584 0.8996550903902858 0.878905802870171 0.9070883473565245 0.9054288132571084 0.9117872689890406 0.8834418607324911 0.9088097184754184 0.9253591832410621 0.9293188639136593 0.9037044130337982 0.928185231557798 0.8952446094868242 0.9247544448556723 0.8657128151316651 0.906819398916815 0.8817147089761923 0.9235206427727137 0.9007678999810743 0.9035327185469854 0.8911405244904241 0.879374022429188 0.9000867436851149 0.9643135081054733 0.8910075872918581 0.906044516818409 0.9066349881873378 0.8997966705698489 0.8828122965837472 0.9326929581479496 0.9617661862831637 0.8925789919493585 0.9226717026481648 0.9364142712202767 0.9318573792609077 0.9227286845124207 0.9046435688034272 0.9223966524976807 0.904297462556225 0.8403072087055008 0.9358402009509943 0.9016761269395351 0.9296419820619432 0.9205848391268893 0.8937631057189991 0.9212955948090676 0.9010153792508395 0.9098254442305779 0.918966645703393 0.8860655574749964 0.8828268955328 0.9175773589980145 0.899756894164913 0.8724937484323013 0.8994698328800083 
0.854413394342081 0.9118410838301538 0.9135957602368119 0.9596984665987638 0.864524680640411 0.9335703105493431 0.9066324691520714 0.949712880537226 0.972274252594058 0.9267812900676323 0.9330612870729041 0.9032149883923164 1.0 0.9338307343733636 0.9507632091581228 0.8718835564323514 0.9739092331786608 0.9687684735382314 0.9318065445642586 0.9341487538063752 0.9630616832879892 0.9706369612396949 0.8938538241626601 0.9135630282416674 0.9703214870390144 0.9240382090811489 0.9384459835510965 0.9078881858834231 0.8981144119974408 0.9389946825660536 0.8754068579129032 0.8927074371377743 0.9740267231470027 0.9706880158310627 0.9460199733693739 0.904967692432643 0.9723505014610029 0.9561241770451687 0.9510711974573489 0.9425404269681846 0.9283268711932191 0.9188170811141441 0.9382648016904056 0.9298613835750584 0.8582302786451026 0.8794521245086748 0.9589955150804196 0.9300723359790828 0.9097677760254874 0.9480877794676505 0.9757044799859302 0.9286647382754771 0.9105689443290035 0.9743985696815051 0.905392081439225 0.9629168483505055 0.9715405909310759 0.9521356840288827 0.9355346685133338 0.9726934937251533 0.9606587769153849 0.9415095396910431 0.9241902455321583 0.9690506121457915 0.9075811591249324 0.9497029159020903 0.9613034548337974 0.9090463525905863 0.88245992095753 0.914889497058086 0.9034795590914743 0.9441372346432481 0.9080666806025266 0.8696355707722815 0.9606773644505083 0.9668793576938117 0.9455643913647331 0.9367959340278232 0.9413233135559473 0.9082904525807263 0.922909033647402 0.9256711787021449 0.8648138480527247 0.958488865401836 0.9227576149531931 0.9650286798583897 0.9710182375443313 0.9668309340876389 0.9272076640444659 0.9686234765759285 0.9430307177361497 0.9310130824185975 0.9734717809317405 0.9320544017913047 0.9478943407741679 0.9094735094793232 0.88527139395881 0.9632434524844689 0.922992847373664 0.9149513402660712 0.958796033579068 0.9566554290882208 0.9397510668381602 0.9265191480494775 0.9405573619740697 0.9005044978038297 0.9441588469890022 0.9765834077651752 0.9634987502287081 0.9601256949262702 0.9203862526760767 0.9380977253403078 0.8978270899495523 0.9499696216373418 0.9102450400327539 0.9146617054927729 0.9408908340233728 0.9113011293580859 0.9750728113911593 0.9464742228941849 0.9749173662800079 0.9083014502721685 0.9391455737013068 0.9707808501590375 0.9331424051125335 0.8963869320543683 0.9500142658284592 0.9063472938864305 0.9740911550136346 0.897341546765352 0.9001095879111729 0.9405962194052158 0.9273332186373678 0.908400238947479 0.9676724604661006 0.862974494849718 0.9465525402195002 
0.8396025315871793 0.8927825974074939 0.9411071706168145 0.9331588439050486 0.8474939020742281 0.9013724861632784 0.8891641671930021 0.9447506076524865 0.9332517004455325 0.9728028291398214 0.9714258784598988 0.8848569948849738 0.9338307343733636 1.0 0.9135626859549997 0.8501559291486663 0.9370111219339242 0.9442145366438398 0.9723773468051276 0.9744456811661606 0.9330082468425565 0.9389829325702244 0.8602404161819392 0.8892154918398123 0.9430232205178435 0.9627729976819608 0.9713094649188104 0.8906147110220747 0.876730204455485 0.9638500270296337 0.8500444634322845 0.872969565731767 0.9310002111665757 0.9260374955922025 0.9606392729986234 0.8824838410083409 0.9402063311493855 0.922138098293044 0.9306602772323852 0.9578220415492549 0.8929199485339752 0.9445980231762634 0.9111575228641855 0.9738177428431859 0.8430862752761946 0.8556462400420004 0.9260044815258355 0.9010167013328706 0.8898314569563408 0.9283739860356314 0.9336353873228838 0.9748978850657746 0.8930956429602905 0.9330486114170294 0.8905102437824286 0.9318407671516726 0.9338340610475543 0.9600102824787761 0.9042094519126709 0.9414930836802597 0.9386780089998147 0.9111076864837206 0.9675765794719596 0.9283697567005216 0.8889141154032306 0.9367582571657918 0.9284401534629102 0.8926183206128971 0.8832731877292417 0.8879008647650874 0.8822386690921445 0.9111530616717908 0.8891968338494829 0.8515320840902348 0.9317823783124395 0.944041242604191 0.9141778077315035 0.9699831668776988 0.9107013858258396 0.8920640628779695 0.8910408483002632 0.9667800172447694 0.8496520617232551 0.9413528579577821 0.9668464694300782 0.9265065019386908 0.929770156158597 0.9255090279131138 0.9667945687996463 0.9278159249327959 0.9090575355058889 0.8998371511309542 0.9351557154887361 0.9023671522806913 0.9430120700368535 0.8910770042427267 0.8535575300458467 0.9245439991700003 0.9608827124076803 0.895491991161273 0.939314783937964 0.926568563457456 0.9669746466367659 0.968885913442948 0.9155211224065771 0.8814098068272125 0.9453619641095278 0.9342483644419818 0.9212610458983403 0.9337989289113193 0.9475494674490607 0.9080770047634239 0.8798371896469953 0.9595805208569081 0.892858904454065 0.8850539637311811 0.9094857767282215 0.8904009110512602 0.9373271293175262 0.9113782548585075 0.9323157545737353 0.8837317724362024 0.9092882856666268 0.9356693265207063 0.9018254593783577 0.875238356912759 0.9284985327393769 0.8871720693150421 0.9369942265610867 0.8733402513830286 0.8782167366264945 0.9601961075009224 0.9715070970109753 0.8878298397249279 0.9448062946270896 0.8436546647097608 0.9141912970325924 
0.8415484357718854 0.8930497826672164 0.8927985717806053 0.9341952433758134 0.8507234734969745 0.9366268192392422 0.8960967835957647 0.9442562656508711 0.9466910225566036 0.9098338515380154 0.9120082033864915 0.8977394056741149 0.9507632091581228 0.9135626859549997 1.0 0.8568474977117102 0.9482102889407993 0.9460683595767014 0.9141367844564712 0.9160205717650833 0.9387507336662494 0.9541687742899106 0.8807832773501234 0.9012551658189681 0.9444861161906687 0.9060655341485602 0.9211184838080889 0.8904223927453935 0.8861068134047596 0.9221155648726719 0.8665488832973883 0.8819758717218726 0.9549326117462744 0.9547947336914572 0.9257033677815367 0.9014817647860663 0.9482837800590965 0.9602617569177322 0.9531437919517065 0.9276395401818197 0.9298561093467752 0.8967292644242052 0.931617882328654 0.9112139883765318 0.8436590864804819 0.8676759172910369 0.9640835663320072 0.9256396357644264 0.8903194405381785 0.950483121505262 0.9536592666799424 0.9109729199602542 0.8919828508725159 0.9518073221790536 0.8937467289170414 0.937373458784836 0.9566940068059545 0.9334258019778026 0.9321404514126835 0.9470859481256081 0.9544540292538527 0.933637481770167 0.9072152975230987 0.9572698905779651 0.8910541387982892 0.9490375606755678 0.9335379723619015 0.8923808425246853 0.8761300613956224 0.9046740263525935 0.89719430706703 0.9361273758898895 0.8920143543562307 0.8502727203512704 0.936204085869841 0.9455424593227966 0.955851944926996 0.9181109865707093 0.9309428709718477 0.8904591777544054 0.9245478265487723 0.9082493372497581 0.849625376236149 0.9483584095781583 0.9051590655014273 0.9612279352335176 0.9580391091589463 0.9550784036993678 0.9086567147643483 0.9582849481420315 0.9376030543271912 0.9283059591493312 0.9455915233213399 0.9291980315907448 0.9439647582510193 0.8929387285354259 0.8777022401678111 0.9601594444737767 0.9037555906088656 0.8960743396639922 0.9546631240116709 0.9638266806281569 0.9211420337362808 0.9089072166378775 0.9465988595383513 0.89367483774277 0.9370252003115594 0.9489429031218644 0.9585132461197574 0.934598373074281 0.899101728171344 0.9298331280301001 0.8911834623039335 0.9291523665377764 0.8916421107236017 0.9169390223388229 0.9320217678347401 0.892300961845161 0.949757629293273 0.9393318875520433 0.9485309886192819 0.9009881699143844 0.930181896862925 0.9447076885843269 0.9290019567316885 0.8856816444871591 0.9515283696497177 0.8890117569098955 0.9522315222953543 0.8836267389940182 0.8877097639388836 0.923630301255706 0.9105026870551484 0.8913771525315897 0.9496060789334804 0.8436785422788916 0.953896290155326 
